75
0 42 68 35 1 70 25 79 59 63 65 6 46 82 28 62 92 96 43 28 37 92 5 3 54 93 83 22 1 7 19 96 48 27 72 39 70 13 68 100 36 95 4 12 23 34 74 65 42 12 54 69 48 45 63 58 38 60 24 42 30 79 17 36 91 43 89 7 41 43 65 49 47 6 91 30
42 0 71 51 7 2 94 49 30 24 85 55 57 41 67 77 32 9 45 40 27 24 38 39 19 83 30 42 34 16 40 59 5 31 78 7 74 87 22 46 25 73 71 30 78 74 98 13 87 91 62 37 56 68 56 7 5 32 53 51 51 42 25 67 31 8 92 8 38 58 88 54 84 46 10 10
68 71 0 59 22 89 23 47 7 31 14 69 1 92 63 56 11 60 25 38 49 84 96 42 3 51 92 37 75 21 97 22 49 100 69 85 82 35 54 100 19 39 1 89 28 68 29 94 49 84 8 22 11 18 14 15 10 17 36 52 1 50 20 57 99 4 25 9 45 10 90 3 96 86 94
35 51 59 0 44 24 88 15 4 49 1 59 19 81 97 99 82 90 99 10 58 73 23 39 93 39 80 91 58 59 92 16 89 57 12 3 35 73 56 29 47 63 87 76 34 70 43 45 17 82 99 23 52 22 10 0 58 77 93 90 76 13 1 11 4 70 62 89 2 90 56 24 3 86 83 86
1 7 22 44 0 89 27 18 58 33 33 70 55 22 90 77 30 69 93 26 56 35 50 42 13 46 61 19 54 40 24 80 97 88 30 50 38 67 50 94 96 98 17 87 6 89 83 56 35 15 2 17 72 87 64 14 56 86 54 13 9 33 46 14 57 22 59 47 83 82 45 97 23 30 62
70 2 89 24 89 0 36 51 74 67 45 60 93 40 54 25 55 11 46 50 87 14 75 23 69 19 88 6 59 92 3 26 78 15 15 25 35 75 73 60 34 71 88 98 19 78 74 71 64 69 93 86 3 81 14 28 3 100 28 26 44 25 24 73 62 82 4 33 6 94 26 32 93 43 23
25 94 23 88 27 36 0 87 65 1 88 61 14 75 71 71 36 34 12 61 97 68 86 51 41 95 96 2 5 20 26 77 95 59 3 72 67 79 94 52 85 19 65 20 53 1 88 61 27 11 58 71 16 77 28 44 59 65 10 83 87 66 88 78 75 26 28 30 29 24 21 3 63 24 97 38
79 49 47 15 18 51 87 0 62 96 26 65 61 3 17 31 27 12 72 12 48 54 21 91 25 89 64 4 1 52 63 30 1 14 59 79 66 8 78 1 59 40 4 61 58 25 78 9 14 88 2 51 61 29 94 85 6 4 1 12 5 36 57 73 51 24 86 57 17 27 58 27 58 38 72 70 62
59 30 7 4 58 74 65 62 0 97 23 18 13 18 97 86 42 24 30 30 66 60 33 97 56 54 63 85 35 55 73 58 70 33 64 8 84 12 36 68 49 76 39 24 43 55 12 42 76 60 26 22 71 27 35 6 84 51 99 80 2 94 35 38 35 57 94 77 6 63 49 82 1 14 42
63 24 31 49 33 67 1 96 97 0 56 56 43 63 12 78 25 79 53 44 97 74 41 14 76 73 19 1 1 18 33 13 96 70 32 41 89 86 91 98 90 91 46 54 15 52 41 45 59 36 60 93 6 65 82 4  30 76 9 93 98 50 57 62 28 68 42 30 41 14 75 2 78 16 84 14
65 85 14 1 33 45 88 26 23 56 0 93 25 2 93 60 71 29 28 85 76 87 99 71 88 48 5 4 2 2 64 7 64 11 72 90 41 65 43 20 14 92 5 19 33 51 6 76 40 4 23 99 48 85 49 72 65 1 4 76 46 13 47 79 70 63 20 86 90 45 66 41 46 9 19 71 2
6 55 69 59 70 60 61 65 18 56 93 0 24 33 73 53 88 71 64 2 4 24 28 1 70 16 66 29 4 4 48 89 44 38 10 64 50 82 89 43 9 61 22 59 55 89 47 91 50 44 31 21 49 68 37 84 3 6 27 86 39 54 30 25 49 24 60 58 67 45 56 19 27 12 26 56 2
46 57 1 19 55 93 14 61 13 43 25 24 0 50 97 85 16 65 43 76 14 43 97 49 73 27 7 74 30 5 6 27 13 76 94 66 37 37 42 15 95 57 53 37 39 83 56 16 32 31 42 26 12 38 87 91 51 63 35 94 54 17 53 9 63 34 55 4 35 4 57 49 25 18 14
82 41 92 81 22 40 75 3 18 63 2 33 50 0 10 29 1 81 19 59 51 56 62 65 4 77 44 10 3 62 90 49 83 54 75 21 3 24 32 70 79 60 9 20 72 4 46 82 5 93 86 14 99 90 23 39 3 11 62 35 9 62 60 94 16 70 38 70 59 1 72 65 18 16 56
28 67 63 97 90 54 71 17 97 12 93 73 97 10 0 16 31 40 13 89 83 55 86 11 85 75 81 16 52 42 16 80 11 99 74 89 78 33 57 90 14 9 42 91 24 64 29 85 79 1 72 86 75 72 3 4 68 54 96 69 26 77 30 51 99 10 94 87 81 17 50 68 29 80 65 22
62 77 56 99 77 25 71 31 86 78 60 53 85 29 16 0 6 27 17 17 27 67 88 82 65 41 87 2 2 63 22 65 10 16 3 74 25 42 46 63 24 32 7 69 19 3 8 8 82 13 37 31 15 10 85 57 91 94 97 53 55 46 9 49 92 13 32 15 40 59 23 5 96 53 70 80 
92 32 11 82 30 55 36 27 42 25 71 88 16 1 31 6 0 39 24 19 67 60 99 87 97 63 34 59  23 47 93 38 26 48 59 3 8 99 31 93 1 79 100 53 49 83 41 16 76 63 68 37 98 19 98 29 52 17 31 50 26 59 30 21 41 61 48 63 56 76 93 62 55 99 47
96 9 60 90 69 11 34 12 24 79 29 71 65 81 40 27 39 0 15 47 89 70 39 64 76 16 22 7 6 16 29 35 71 6 65 58 63 62 25 50 70 31 24 51 34 26 11 38 37 38 79 94 37 15 65 9 2 50 36 6 38 5 38 24 65 71 9 69 82 86 53 74 53 95 77 27 97
43 45 25 99 93 46 12 72 30 53 28 64 43 19 13 17 24 15 0 73 50 41 75 20 44 12 42 90 20 66 6 86 17 51 16 10 65 67 94 75 10 1 96 74 90 62 73 69 59 32 69 27 11 23 7 5 80 11 53 83 92 96 65 75 65 3 56 61 75 73 22 23 48 78 90 6
28 40 38 10 26 50 61 12 30 44 85 2 76 59 89 17 19 47 73 0 96 95 51 44 55 82 13 7 3 40 29 13 63 68 9 16 9 24 60 35 5 87 20 59 46 7 67 1 68 93 88 33 57 75 48 22 84 23 32 77 84 49 24 83 19 77 21 12 83 57 91 26 25 87 78 70
37 27 49 58 56 87 97 48 66 97 76 4 14 51 83 27 67 89 50 96 0 44 35 78 69 69 92 9 7 84 29 28 27 72 98 13 4 28 9 46 9 86 39 38 44 14 2 51 29 12 51 50 93 55 70 82 6 6 68 14 94 35 73 73 31 2 43 78 78 71 3 65 82 91 24 38 24
92 24 84 73 35 14 68 54 60 74 87 24 43 56 55 67 60 70 41 95 44 0 80 96 70 28 43 11 83 59 27 88 71 29 52 59 14 61 84 87 43 11 73 29 35 42 19 4 68 66 39 82 58 51 15 99 59 62 64 57 8 79 90 36 66 76 87 87 34 61 31 49 29 93 34
5 38 96 23 50 75 86 21 33 41 99 28 97 62 86 88 99 39 75 51 35 80 0 41 67 36 11 1 00 38 93 83 29 53 70 45 95 9 53 48 33 36 9 65 98 44 50 16 42 90 1 13 49 24 52 75 34 92 1 55 91 98 20 81 79 32 45 41 88 100 26 84 39 93 94 53
3 39 42 39 42 23 51 91 97 14 71 1 49 65 11 82 87 64 20 44 78 96 41 0 12 61 35 41 98 86 30 41 6 92 93 11 50 79 80 72 78 74 94 21 98 27 77 91 83 79 60 19 90 60 50 25 73 81 9 68 9 78 4 71 8 97 75 23 12 20 62 57 91 64 84
54 19 3 93 13 69 41 25 56 76 88 70 73 4 85 65 97 76 44 55 69 70 67 12 0 17 33 53 42 55 14 63 97 61 16 5 100 37 81 99 33 88 85 41 18 7 71 42 83 50 24 59 6 22 96 97 17 79 79 80 59 78 51 8 30 82 96 79 77 54 100 85 66 94 9
93 83 51 39 46 19 95 89 54 73 48 16 27 77 75 41 63 16 12 82 69 28 36 61 17 0 73 44 30 15 69 56 92 74 23 49 52 87 45 47 78 18 30 17 75 92 70 13 47 94 92 16 50 58 41 53 37 52 88 27 63 56 84 95 81 98 66 66 14 62 79 79 79 41 12
83 30 92 80 61 88 96 64 63 19 5 66 7 44 81 87 34 22 42 13 92 43 11 35 33 73 0 48 46 71 76 90 51 50 34 66 15 83 8 33 97 68 23 83 11 42 32 88 6 80 22 39 52 48 9 4 7 77 60 90 23 67 87 56 29 15 61 54 78 49 4 62 32 83 56 98
22 42 37 91 19 6 25 41 85 11 4 29 74 10 16 22 59 76 90 73 97 11 100 41 53 44 48 0 7 53 22 97 82 22 56 48 25 19 36 77 75 60 99 75 54 23 36 44 89 54 33 48 81 27 7 9 51 2 62 100 56 64 17 74 62 46 74 75 51 54 82 88 100 11 44 66
17 34 75 58 54 59 20 52 35 18 22 44 30 3 52 63 23 16 20 40 84 83 38 98 42 30 46 7 0 73 30 82 13 77 82 48 91 72 6 73 33 90 21 66 32 59 94 7 79 49 7 72 67 97 98 2 1 95 30 89 10 85 70 79 18 16 27 85 69 7 29 98 19 91 100 86
19 16 21 59 40 92 26 63 55 33 64 48 5 62 42 22 47 29 66 29 29 59 93 86 55 15 71 53 73 0 87 100 21 11 72 14 16 86 19 81 32 68 88 45 87 8 61 28 75 32 53 72 69 94 86 38 12 5 78 7 69 23 14 1 43 38 39 89 56 90 48 82 94 85 88
96 40 97 92 24 3 77 30 73 13 7 89 6 90 16 65 93 35 6 13 28 27 83 30 14 69 76 22 30 87 0 62 94 18 2 83 48 66 54 5 85 96 26 22 65 82 73 7 57 44 94 81 81 69 12 14 69 52 17 80 69 41 32 34 80 64 60 54 37 96 66 75 21 36 81
48 59 22 16 80 26 95 1 58 96 64 44 27 49 80 10 38 71 86 63 27 88 29 41 63 56 90 97 82 100 62 0 77 56 26 72 9 60 57 3 33 6 41 76 63 86 63 81 37 98 3 9 81 41 77 5 9 94 41 47 75 74 98 81 36 73 1 8 56 67 42 89 82 69 16 97
27 5 49 89 97 78 59 14 70 70 11 38 13 83 11 16 26 6 17 68 72 71 53 6 97 92 51 82 13 21 94 77 0 26 10 13 37 56 63 44 43 22 23 13 49 19 69 18 15 51 91 36 60 70 96 4 41 80 100 6 92 62 82 53 54 34 30 88 43 54 84 21 15 19 45
72 31 100 57 88 15 3 59 33 32 72 10 76 54 99 3 48 65 51 9 98 29 70 92 61 74 50 2 2 77 11 18 56 26 0 64 30 53 65 70 71 6 48 95 88 27 77 24 41 80 91 89 11 72 46 22 71 84 90 56 79 80 7 63 36 88 97 34 89 36 80 94 91 63 66 2
39 78 69 12 30 15 72 79 64 41 90 64 94 75 74 74 59 58 16 16 13 52 45 93 16 23 34 56 82 72 2 26 10 64 0 6 8 68 70 35 72 58 99 46 98 19 39 45 73 64 29 65 2 24 91 5 2 28 98 93 72 64 2 64 22 66 22 46 11 96 42 23 13 52 16
70 7 85 3 50 25 67 66 8 89 41 50 66 21 89 25 3 63 10 9 4 59 95 11 5 49 66 48 48 14 83 72 13 30 6 0 56 94 39 80 83 9 55 23 8 46 39 45 91 40 55 5 24 26 79 25 82 3 1 34 24 95 31 47 88 46 6 17 51 90 39 64 36 98 10 31
13 74 82 35 38 35 79 8 84 86 65 82 37 3 78 42 8 62 65 24 28 14 9 50 100 52 15 25 91 16 48 9 37 53 8 56 0 25 9 38 75 21 73 94 56 35 62 57 7 85 76 83 20 42 33 85 80 80 84 68 37 26 19 38 29 20 78 38 92 57 96 61 2 94 33
68 87 35 73 67 75 94 78 12 91 43 89 37 24 33 46 99 25 67 60 9 61 53 79 37 87 83 19 72 86 66 60 56 65 68 94 25 0 37 81 76 8 85 75 20 91 77 42 52 30 91 75 73 92 9 0 88 91 40 94 54 64 82 4 6 77 80 96 40 69 99 84 40 16 22 94
100 22 54 56 50 73 52 1 36 98 20 43 42 32 57 63 31 50 94 35 46 84 48 80 81 45 8 36 6 19 54 57 63 70 70 39 9 37 0 27 23 39 29 82 100 79 92 24 44 35 44 50 3 8 3 4 2 88 47 92 38 14 1 17 91 63 36 27 11 78 83 61 90 6 75 64
36 46 100 29 94 60 85 59 68 90 14 9 15 70 90 24 93 70 75 5 9 87 33 72 99 47 33 7 7 73 81 5 3 44 71 35 80 38 81 27 0 23 96 67 61 39 89 12 46 68 26 68 90 43 64 48 3 18 100 24 27 4 49 52 71 37 59 68 57 6 32 63 20 76 57 32
95 25 19 47 96 34 19 40 49 91 92 61 95 79 14 32 1 31 10 87 86 43 36 78 33 78 97 75 33 32 85 33 43 6 72 83 75 76 23 23 0 96 45 92 4 89 16 51 20 73 92 84 34 76 43 70 1 55 79 86 58 34 94 91 4 51 34 23 72 12 91 39 42 59 48
4 73 39 63 98 71 65 4 76 46 5 22 57 60 9 7 79 24 1 20 39 11 9 74 88 18 68 60 90 68 96 6 22 48 58 9 21 8 39 96 96 0 53 59 80 3 84 91 3 69 23 96 36 9 62 43 95 100 89 79 43 58 42 48 70 46 81 14 65 11 62 86 74 5 63
12 71 1 87 17 88 20 61 39 54 19 59 53 9 42 69 100 51 96 59 38 73 65 94 85 30 23 99 21 88 26 41 23 95 99 55 73 85 29 67 45 53 0 4 3 70 55 30 53 75 50 31 45 45 50 19 66 64 53 74 71 32 48 12 70 99 99 4 53 80 54 44 23 89 64
23 30 89 76 87 98 53 58 24 15 33 55 37 20 91 19 53 34 74 46 44 29 98 21 41 17 83 75 66 45 22 76 13 88 46 23 94 75 82 61 92 59 4 0 35 51 23 41 12 93 52 81 78 17 77 79 21 16 49 99 80 36 58 84 63 3 63 21 71 23 74 42 87 89 18
34 78 28 34 6 19 1 25 43 52 51 89 39 72 24 3 49 26 90 7 14 35 44 98 18 75 11 54 32 87 65 63 49 27 98 8 56 20 100 39 4 80 3 35 0 18 93 99 68 50 66 90 33 20 82 4 31 29 32 90 53 31 73 65 8 96 29 82 91 11 78 72 37 60 44
74 74 68 70 89 78 88 78 55 41 6 47 83 4 64 8 83 11 62 67 2 42 50 27 7 92 42 23 5 9 8 82 86 19 77 19 46 35 91 79 89 89 3 70 51 18 0 41 34 38 94 31 75 94 83 4 62 9 1 63 8 98 52 24 91 18 41 4 67 84 62 60 46 87 52 66 2
65 98 29 43 83 74 61 9 12 45 76 91 56 46 29 8 41 38 73 1 51 19 16 77 71 70 32 36 94 61 73 63 69 24 39 39 62 77 92 12 16 84 55 23 93 41 0 41 10 98 84 51 59 22 76 82 88 72 88 100 5 80 39 1 31 62 19 6 41 29 60 23 99 61 99
42 13 94 45 56 71 27 14 42 59 40 50 16 82 85 82 16 37 69 68 29 4 42 91 42 13 88 44 7 28 7 81 18 41 45 45 57 42 24 46 51 91 30 41 99 34 41 0 36 82 15 68 94 97 62 47 39 71 39 77 56 18 72 61 53 59 34 56 66 27 2 35 60 94 49
12 87 49 17 35 64 11 88 76 36 4 44 32 5 79 13 76 38 59 93 12 68 90 83 83 47 6 89 79 75 57 37 15 80 73 91 7 52 44 68 20 3 53 12 68 38 10 36 0 74 93 94 34 38 4 91 12 95 69 28 99 90 49 80 48 50 32 70 76 99 50 37 100 24 44
54 91 84 82 15 69 58 2 60 60 23 31 31 93 1 37 63 79 32 88 51 66 1 79 50 94 80 54 49 32 44 98 51 91 64 40 85 30 35 26 73 69 75 93 50 94 98 82 74 0 32 55 62 35 86 68 17 94 5 67 54 9 24 85 93 68 49 70 31 12 15 91 28 44 5
69 62 8 99 2 93 71 51 26 93 99 21 42 86 72 31 68 94 69 33 50 39 13 60 24 92 22 3 3 7 53 94 3 91 89 29 55 76 91 44 68 92 23 50 52 66 31 84 15 93 32 0 100 75 96 7 59 90 59 10 90 48 41 19 65 76 27 90 4 67 13 41 71 77 96 42
48 37 22 23 17 86 16 61 22 6 48 49 26 14 86 15 37 37 27 57 93 82 49 19 59 16 39 48 72 72 81 9 36 11 65 5 83 75 50 90 84 96 31 81 90 75 51 68 94 55 100 0 87 52 1 0 88 84 86 91 51 87 56 82 29 3 78 63 25 66 73 33 86 29 47 90
45 56 11 52 72 3 77 29 71 65 85 68 12 99 75 10 98 15 11 75 55 58 24 90 6 50 52 8 1 67 69 81 81 60 72 2 24 20 73 3 43 34 36 45 78 33 94 59 94 34 62 75 87 0 79 84 26 66 61 46 79 22 56 21 28 74 35 52 76 37 35 2 38 11 75 91
63 68 18 22 87 81 28 94 27 82 49 37 38 90 72 85 19 65 23 48 70 51 52 60 22 58 48 27 97 94 69 41 70 46 24 26 42 92 8 64 76 9 45 17 20 83 22 97 38 35 96 52 79 0 5 7 72 81 36 46 83 26 19 74 13 38 99 6 63 18 93 40 48 47 4 32
58 56 14 100 64 14 44 85 35 4 72 84 87 23 34 57 98 92 75 22 82 15 75 50 96 41 9 79 98 86 12 77 96 22 91 79 33 90 3 48 43 62 50 77 82 4 76 62 4 86 7 10 84 57 0 1 6 40 59 30 46 95 100 46 73 76 63 73 74 81 39 98 43 9 4 78
38 75 15 58 14 28 59 6 6 30 65 36 91 39 68 91 29 50 80 84 66 99 34 25 97 53 47 5 1 21 38 14 59 4 71 5 25 85 88 42 3 70 43 19 79 4 62 82 47 91 68 59 88 26 72 16 0 26 35 2 79 83 70 37 79 40 39 22 27 64 78 76 25 82 1 62
60 32 10 77 56 3 65 41 84 76 14 27 51 38 54 94 52 36 11 23 68 59 92 73 17 37 77 2 95 12 69 94 41 84 2 82 80 91 88 18 1 95 66 21 31 91 88 39 12 17 90 84 66 81 40 26 0 63 3 49 96 85 17 38 8 94 85 45 60 22 59 44 69 78 20
24 53 17 93 86 100 10 12 51 9 76 86 63 11 96 97 17 6 53 32 14 62 1 81 79 52 60 6 2 30 5 52 41 80 90 28 31 80 40 47 100 55 100 64 16 29 63 72 71 95 94 59 86 61 36 59 35 63 0 58 42 92 65 24 16 73 30 42 16 16 37 58 60 1 53 94
42 51 36 90 54 28 83 5 99 93 46 39 35 62 69 53 31 38 83 77 94 64 55 9 79 88 90 1 00 89 78 17 47 100 56 98 34 84 94 92 24 79 89 53 49 32 8 88 39 69 5 10 91 46 46 30 2 3 58 0 42 30 49 28 99 25 25 75 34 86 39 71 63 30 85 10
30 51 52 76 13 26 87 36 80 98 13 54 94 35 26 55 50 5 92 84 35 57 91 68 80 27 23 56 10 7 80 75 6 79 93 24 68 54 38 27 86 79 74 99 90 98 100 77 28 67 90 51 79 83 46 79 49 42 42 0 79 24 86 1 25 94 6 13 66 68 8 78 85 5 91
79 42 1 13 9 44 66 57 2 50 47 30 54 9 77 46 26 38 96 49 73 8 98 9 59 63 67 64 85 69 69 74 92 80 72 95 37 64 14 4 58 43 71 80 53 52 5 56 99 54 48 87 22 26 95 83 96 92 30 79 0 35 92 22 86 35 91 43 99 87 19 22 25 98 77
17 25 50 1 33 25 88 73 94 57 79 25 17 62 30 9 59 24 65 24 73 79 20 78 78 56 87 1 7 70 23 41 98 62 7 64 31 26 82 1 49 34 58 32 36 31 24 80 18 90 9 41 56 56 19 100 70 85 65 49 24 35 0 55 70 9 28 94 69 67 3 39 1 20 19 91
36 67 20 11 46 24 78 51 35 62 70 49 53 60 51 49 30 65 75 83 31 90 81 4 51 84 56 74 79 14 32 81 82 63 2 47 19 4 17 52 94 42 48 58 73 91 39 72 49 24 19 82 21 74 4 6 37 17 24 28 86 92 55 0 85 40 57 9 33 79 15 88 40 75 21 28
91 31 57 4 14 73 75 24 38 28 63 24 9 94 99 92 21 71 65 19 2 36 79 71 8 95 29 62 18 1 34 36 53 36 64 88 38 6 91 71 91 48 12 84 65 18 1 61 80 85 65 29 28 13 73 79  38 16 99 1 22 70 85 0 55 89 42 99 43 3 22 5 47 57 10
43 8 99 70 57 62 26 86 35 68 20 60 63 16 10 13 41 9 3 77 43 66 32 8 30 81 15 46 16 43 80 73 54 88 22 46 29 77 63 37 4 70 70 63 8 41 31 53 48 93 76 3 74 38 76 40 8 73 25 25 86 9 40 55 0 34 9 62 34 87 5 86 43 43 61
89 92 4 62 22 82 28 57 57 42 86 58 34 70 94 32 61 69 56 21 78 76 45 97 82 98 61 74 27 38 64 1 34 97 66 6 20 80 36 59 51 46 99 3 96 4 62 59 50 68 27 78 35 99 63 39 94 30 25 94 35 28 57 89 34 0 62 21 44 79 88 14 64 92 35
7 8 25 89 59 4 30 17 94 30 90 67 55 38 87 15 48 82 61 12 78 87 41 75 96 66 54 75 85 39 60 8 30 34 22 17 78 96 27 68 34 81 99 63 29 67 19 34 32 49 90 63 52 6 73 22 85 42 75 6 91 94 9 42 9 62 0 16 57 62 13 12 60 52 39
41 38 9 2 47 33 29 27 77 41 45 45 4 70 81 40 63 86 75 83 71 87 88 23 79 66 78 51  69 89 54 56 88 89 46 51 38 40 11 57 23 14 4 21 82 84 6 56 70 70 4 25 76 63 74 2 7 45 16 34 13 43 69 33 99 62 21 16 0 71 25 8 8 85 52 2
43 58 45 90 83 6 24 58 6 14 66 56 35 59 17 59 56 53 73 57 3 34 100 12 77 14 49 5 4 7 56 37 67 43 36 11 90 92 69 78 6 72 65 53 71 91 62 41 66 76 31 67 66 37 18 81  64 60 16 86 66 99 67 79 43 34 44 57 71 0 90 59 42 91 14 13
65 88 10 56 82 94 21 27 63 75 41 19 4 1 50 23 76 74 22 91 65 61 26 20 54 62 4 82  29 90 96 42 54 80 96 39 57 99 83 32 12 11 80 23 11 60 29 27 99 12 13 73 35 93 3 9 78 22 37 39 68 87 3 15 3 87 79 62 25 90 0 56 61 94 73 3
49 54 90 24 45 26 3 58 49 2 46 27 57 72 68 5 93 53 23 26 82 31 84 62 100 79 62 8 8 98 48 66 89 84 94 42 64 96 84 61 63 91 62 54 74 78 46 60 2 50 15 41 33 2 40 98  76 59 58 71 8 19 39 88 22 5 88 13 8 59 56 0 77 44 74 67 
47 84 3 3 97 32 63 38 82 78 9 12 49 65 29 96 62 95 48 25 91 49 39 57 85 79 32 10 0 19 82 75 82 21 91 23 36 61 40 90 20 39 86 44 42 72 87 23 35 37 91 71 86 38 48 43 25 44 60 63 78 22 1 40 5 86 14 12 8 42 61 77 0 52 76 29
6 46 96 86 23 93 24 72 1 16 19 26 25 18 80 53 55 77 78 87 24 29 93 91 66 79 83 1 1 91 94 21 69 15 63 13 98 2 16 6 76 42 74 23 87 37 52 99 60 100 28 77 29 11 47 9 82 69 1 30 85 25 20 75 47 43 64 60 85 91 94 44 52 0 33 62
91 10 86 83 30 43 97 70 14 84 71 56 18 16 65 70 99 27 90 78 38 93 94 64 94 41 56 44 100 85 36 16 19 66 52 10 94 22 75 57 59 5 89 89 60 66 61 94 24 44 96 47 75 4 4 1 78 53 85 5 98 19 21 57 43 92 52 52 14 73 74 76 33 0 70
30 10 94 86 62 23 38 62 42 14 2 2 14 56 22 80 47 97 6 70 24 34 53 84 9 12 98 66 86 88 81 97 45 2 16 31 33 94 64 32 48 63 64 18 44 2 99 49 44 5 42 90 91 32 78 62 20 94 10 91 77 91 28 10 61 35 39 2 13 3 67 29 62 70 0
25

