25
0 42 68 35 1 70 25 79 59 63 65 6 46 82 28 62 92 96 43 28 37 92 5 3 54
42 0 93 83 22 17 19 96 48 27 72 39 70 13 68 100 36 95 4 12 23 34 74 65 42
68 93 0 12 54 69 48 45 63 58 38 60 24 42 30 79 17 36 91 43 89 7 41 43 65
35 83 12 0 49 47 6 91 30 71 51 7 2 94 49 30 24 85 55 57 41 67 77 32 9
1 22 54 49 0 45 40 27 24 38 39 19 83 30 42 34 16 40 59 5 31 78 7 74 87
70 17 69 47 45 0 22 46 25 73 71 30 78 74 98 13 87 91 62 37 56 68 56 75 32
25 19 48 6 40 22 0 53 51 51 42 25 67 31 8 92 8 38 58 88 54 84 46 10 10
79 96 45 91 27 46 53 0 59 22 89 23 47 7 31 14 69 1 92 63 56 11 60 25 38
59 48 63 30 24 25 51 59 0 49 84 96 42 3 51 92 37 75 21 97 22 49 100 69 85
63 27 58 71 38 73 51 22 49 0 82 35 54 100 19 39 1 89 28 68 29 94 49 84 8
65 72 38 51 39 71 42 89 84 82 0 22 11 18 14 15 10 17 36 52 1 50 20 57 99
6 39 60 7 19 30 25 23 96 35 22 0 4 25 9 45 10 90 3 96 86 94 44 24 88
46 70 24 2 83 78 67 47 42 54 11 4 0 15 4 49 1 59 19 81 97 99 82 90 99
82 13 42 94 30 74 31 7 3 100 18 25 15 0 10 58 73 23 39 93 39 80 91 58 59
28 68 30 49 42 98 8 31 51 19 14 9 4 10 0 92 16 89 57 12 3 35 73 56 29
62 100 79 30 34 13 92 14 92 39 15 45 49 58 92 0 47 63 87 76 34 70 43 45 17
92 36 17 24 16 87 8 69 37 1 10 10 1 73 16 47 0 82 99 23 52 22 100 58 77
96 95 36 85 40 91 38 1 75 89 17 90 59 23 89 63 82 0 93 90 76 13 1 11 4
43 4 91 55 59 62 58 92 21 28 36 3 19 39 57 87 99 93 0 70 62 89 2 90 56
28 12 43 57 5 37 88 63 97 68 52 96 81 93 12 76 23 90 70 0 24 3 86 83 86
37 23 89 41 31 56 54 56 22 29 1 86 97 39 3 34 52 76 62 24 0 89 27 18 58
92 34 7 67 78 68 84 11 49 94 50 94 99 80 35 70 22 13 89 3 89 0 33 33 70
5 74 41 77 7 56 46 60 100 49 20 44 82 91 73 43 100 1 2 86 27 33 0 55 22
3 65 43 32 74 75 10 25 69 84 57 24 90 58 56 45 58 11 90 83 18 33 55 0 90
54 42 65 9 87 32 10 38 85 8 99 88 99 59 29 17 77 4 56 86 58 70 22 90 0
11
